[gd_scene format=3 uid="uid://u3d8nakbwh76"]

[ext_resource type="PackedScene" uid="uid://dux1764ma8eky" path="res://scenes/proto_player.tscn" id="1_bpt1m"]

[sub_resource type="ProceduralSkyMaterial" id="ProceduralSkyMaterial_bpt1m"]
sky_horizon_color = Color(0.66224277, 0.6717428, 0.6867428, 1)
ground_horizon_color = Color(0.66224277, 0.6717428, 0.6867428, 1)

[sub_resource type="Sky" id="Sky_4lj41"]
sky_material = SubResource("ProceduralSkyMaterial_bpt1m")

[sub_resource type="Environment" id="Environment_mofoo"]
background_mode = 2
sky = SubResource("Sky_4lj41")
tonemap_mode = 2
glow_enabled = true

[node name="Level 01" type="Node3D" unique_id=1891111829]

[node name="WorldEnvironment" type="WorldEnvironment" parent="." unique_id=758770396]
environment = SubResource("Environment_mofoo")

[node name="DirectionalLight3D" type="DirectionalLight3D" parent="." unique_id=2008288882]
transform = Transform3D(-0.8660254, -0.43301278, 0.25, 0, 0.49999997, 0.86602545, -0.50000006, 0.75, -0.43301266, 0, 0, 0)
shadow_enabled = true

[node name="ProtoPlayer" parent="." unique_id=1918752549 instance=ExtResource("1_bpt1m")]
transform = Transform3D(1, 0, 0, 0, 1, 0, 0, 0, 1, 0.07140684, 1.1477327, -0.48252046)

[node name="CSGCombiner3D" type="CSGCombiner3D" parent="." unique_id=1119241862]
use_collision = true

[node name="Floor" type="CSGBox3D" parent="CSGCombiner3D" unique_id=996379154]
transform = Transform3D(1, 0, 0, 0, 1, 0, 0, 0, 1, 0, 0, 0.1918335)
use_collision = true
size = Vector3(50, 1, 50)

[node name="CSGCylinder3D" type="CSGCylinder3D" parent="CSGCombiner3D" unique_id=1724579017]
transform = Transform3D(0.9842234, 0, 0.17693014, 0, 1, 0, -0.17693014, 0, 0.9842234, 3.0007463, 0.25158215, -12.680079)
radius = 1.4082031
height = 9.2734375

[node name="CSGCylinder3D2" type="CSGCylinder3D" parent="CSGCombiner3D" unique_id=286384864]
transform = Transform3D(0.93739146, 0, 0.3482776, 0, 1, 0, -0.3482776, 0, 0.93739146, 2.0311584, -1.6829019, -10.361392)
radius = 1.4082031
height = 9.2734375
